                  Words      Mean #Total #Positive #Neg   PosMean   NegMean
88              enjoyed  0.468327      1         1    0  0.468327  0.000000
280                CNNs  0.352612      1         1    0  0.352612  0.000000
460            resubmit -0.285987      1         0    1  0.000000 -0.285987
285           community  0.227410      1         1    0  0.227410  0.000000
202             limited -0.226057      3         0    3  0.000000 -0.226057
347     experimentation -0.215277      1         0    1  0.000000 -0.215277
152                   3 -0.213521      2         0    2  0.000000 -0.213521
114            workshop -0.192450      2         0    2  0.000000 -0.192450
101        applications -0.188479      1         0    1  0.000000 -0.188479
264              poster  0.184690      2         2    0  0.184690  0.000000
236               topic  0.178506      1         1    0  0.178506  0.000000
304         Variational  0.177840      1         1    0  0.177840  0.000000
433              limits -0.176194      1         0    1  0.000000 -0.176194
318            although -0.173297      1         0    1  0.000000 -0.173297
19                  not -0.172712     19         0   19  0.000000 -0.172712
252               sound  0.171505      2         2    0  0.171505  0.000000
306                none -0.170990      1         0    1  0.000000 -0.170990
212            accepted  0.170438      2         2    0  0.170438  0.000000
305             Dropout  0.166929      2         2    0  0.166929  0.000000
179            ImageNet  0.165552      1         1    0  0.165552  0.000000
161              agents  0.157234      1         1    0  0.157234  0.000000
225             justify -0.154383      1         0    1  0.000000 -0.154383
227           baselines  0.154095      2         2    0  0.154095  0.000000
426          generative  0.153904      1         1    0  0.153904  0.000000
296           advantage  0.148927      1         1    0  0.148927  0.000000
451       unfortunately -0.147005      1         0    1  0.000000 -0.147005
173               video  0.142433      1         1    0  0.142433  0.000000
406              review -0.140602      1         0    1  0.000000 -0.140602
337             solvers  0.139650      1         1    0  0.139650  0.000000
22                Three -0.137084      3         0    3  0.000000 -0.137084
357               tasks -0.135044      1         0    1  0.000000 -0.135044
226                 use -0.134904      1         0    1  0.000000 -0.134904
399           confident  0.134154      1         1    0  0.134154  0.000000
286      generalisation  0.133246      1         1    0  0.133246  0.000000
137          supervised  0.131359      2         2    0  0.131359  0.000000
348             promise -0.130090      1         0    1  0.000000 -0.130090
358              raised  0.129827      1         1    0  0.129827  0.000000
400       understanding  0.124986      1         1    0  0.124986  0.000000
237              Timely -0.123250      1         0    1  0.000000 -0.123250
63               reject -0.122286      1         0    1  0.000000 -0.122286
174      unsatisfactory -0.120492      1         0    1  0.000000 -0.120492
242                 yet -0.120328      1         0    1  0.000000 -0.120328
245               mixed -0.120210      1         0    1  0.000000 -0.120210
287                shot  0.119504      1         1    0  0.119504  0.000000
360             propose -0.119254      1         0    1  0.000000 -0.119254
112                 how  0.116720      3         3    0  0.116720  0.000000
34            rejection -0.116050      4         0    4  0.000000 -0.116050
164                Good  0.113603      3         3    0  0.113603  0.000000
117                thus -0.113196      2         0    2  0.000000 -0.113196
308            Salimans -0.111243      1         0    1  0.000000 -0.111243
113            provided  0.111128      1         1    0  0.111128  0.000000
401                goal -0.111071      1         0    1  0.000000 -0.111071
51         reservations -0.110317      1         0    1  0.000000 -0.110317
189                will  0.110043      4         4    0  0.110043  0.000000
297                RNNs  0.109035      1         1    0  0.109035  0.000000
307                2015  0.108947      2         2    0  0.108947  0.000000
439              player  0.108711      1         1    0  0.108711  0.000000
447          commercial  0.106077      1         1    0  0.106077  0.000000
402          acceptance  0.104910      1         1    0  0.104910  0.000000
115           amortized  0.104412      1         1    0  0.104412  0.000000
298              expert -0.104209      1         0    1  0.000000 -0.104209
240              models  0.103727      2         2    0  0.103727  0.000000
299        demonstrates  0.103120      1         1    0  0.103120  0.000000
375         activations  0.103074      1         1    0  0.103074  0.000000
163          formalized  0.100830      1         1    0  0.100830  0.000000
235                  no -0.100746      2         0    2  0.000000 -0.100746
154                meet -0.100442      1         0    1  0.000000 -0.100442
104             clearly  0.098484      2         2    0  0.098484  0.000000
253           satisfied  0.097510      1         1    0  0.097510  0.000000
361        insufficient -0.096911      2         0    2  0.000000 -0.096911
350             written -0.096272      1         0    1  0.000000 -0.096272
180        quantization  0.096251      2         2    0  0.096251  0.000000
20            recommend -0.096166      4         1    3  0.067676 -0.150779
300           technical  0.095613      1         1    0  0.095613  0.000000
339             compare -0.094794      1         0    1  0.000000 -0.094794
172             results -0.094346      6         1    5  0.102146 -0.133645
293          conference  0.093539      4         4    0  0.093539  0.000000
190        environments  0.093421      1         1    0  0.093421  0.000000
238                 NLP  0.093251      1         1    0  0.093251  0.000000
309               Trick  0.092974      1         1    0  0.092974  0.000000
191                   t  0.092965      1         1    0  0.092965  0.000000
24                 post  0.092440      1         1    0  0.092440  0.000000
294            interest -0.092268      2         1    1  0.022520 -0.207056
362            evaluate  0.092264      1         1    0  0.092264  0.000000
116           inference  0.091877      1         1    0  0.091877  0.000000
89                LSTMs  0.091812      2         2    0  0.091812  0.000000
351          artificial -0.091589      1         0    1  0.000000 -0.091589
340         Blendenpick  0.091326      1         1    0  0.091326  0.000000
310             uncited -0.090622      1         0    1  0.000000 -0.090622
344                 art  0.090618      2         2    0  0.090618  0.000000
0                future -0.090523      2         1    1  0.086065 -0.267111
341                   g -0.089683      1         0    1  0.000000 -0.089683
311             closely  0.089067      1         1    0  0.089067  0.000000
50                  was  0.088981      2         2    0  0.088981  0.000000
342             setting  0.088970      3         3    0  0.088970  0.000000
228         comparisons -0.087841      1         0    1  0.000000 -0.087841
427            somewhat -0.087507      1         0    1  0.000000 -0.087507
64                 ICLR  0.087276      6         6    0  0.087276  0.000000
434            datasets -0.086804      1         0    1  0.000000 -0.086804
7              proposes -0.086481      3         0    3  0.000000 -0.086481
288          positively  0.085972      1         1    0  0.085972  0.000000
90                 than  0.085968      1         1    0  0.085968  0.000000
5               revised -0.085869      2         0    2  0.000000 -0.085869
461              Chairs  0.085778      1         1    0  0.085778  0.000000
119                   I -0.085502      7         1    6  0.044159 -0.107113
44               issues  0.085347      3         3    0  0.085347  0.000000
448               below -0.084563      1         0    1  0.000000 -0.084563
49             reviewer  0.084024      5         3    2  0.181280 -0.061860
359          unsuitable -0.084024      2         0    2  0.000000 -0.084024
21             rebuttal -0.083641      2         0    2  0.000000 -0.083641
211                  or -0.083537      3         0    3  0.000000 -0.083537
349           important -0.083503      2         0    2  0.000000 -0.083503
229           difficult -0.083473      1         0    1  0.000000 -0.083473
162                nice  0.083311      2         2    0  0.083311  0.000000
319               track  0.083222      1         1    0  0.083222  0.000000
66                makes  0.082933      1         1    0  0.082933  0.000000
407              period -0.082913      1         0    1  0.000000 -0.082913
133                well  0.082203      7         7    0  0.082203  0.000000
203             siamese  0.082080      1         1    0  0.082080  0.000000
230        suspiciously -0.081729      1         0    1  0.000000 -0.081729
12                 deep  0.081606      5         5    0  0.081606  0.000000
254           piecewise  0.081543      1         1    0  0.081543  0.000000
289          contribute  0.081462      1         1    0  0.081462  0.000000
239          surprising -0.081396      1         0    1  0.000000 -0.081396
408             minimal -0.081309      1         0    1  0.000000 -0.081309
352          embeddings  0.080799      1         1    0  0.080799  0.000000
68                  lot -0.080640      1         0    1  0.000000 -0.080640
55          submissions  0.080535      1         1    0  0.080535  0.000000
153                 out  0.079681      2         2    0  0.079681  0.000000
312                 Max  0.079433      1         1    0  0.079433  0.000000
376          quantizing  0.079232      1         1    0  0.079232  0.000000
449               falls -0.079111      1         0    1  0.000000 -0.079111
65                seems -0.078943      3         0    3  0.000000 -0.078943
353              priori -0.078823      1         0    1  0.000000 -0.078823
33                 work -0.078755      6         1    5  0.061659 -0.106838
409              during  0.078463      1         1    0  0.078463  0.000000
6                result -0.078384      1         0    1  0.000000 -0.078384
301            creative  0.078139      1         1    0  0.078139  0.000000
1               However -0.077954      5         0    5  0.000000 -0.077954
105            specific -0.077886      1         0    1  0.000000 -0.077886
48                  did  0.077677      2         1    1  0.174194 -0.018840
338             current -0.077322      3         0    3  0.000000 -0.077322
410           surprised -0.076498      1         0    1  0.000000 -0.076498
290              nicely  0.076170      1         1    0  0.076170  0.000000
106              mostly -0.076024      1         0    1  0.000000 -0.076024
27       recommendation -0.075740      1         0    1  0.000000 -0.075740
54           operations  0.075639      2         2    0  0.075639  0.000000
165              simple  0.074691      3         3    0  0.074691  0.000000
107                 SGD  0.074591      1         1    0  0.074591  0.000000
313             Welling  0.073830      1         1    0  0.073830  0.000000
59                 Cons  0.073661      4         4    0  0.073661  0.000000
343         formulation  0.073472      2         2    0  0.073472  0.000000
192               venue  0.072601      1         1    0  0.072601  0.000000
140         conditional  0.072453      1         1    0  0.072453  0.000000
255           framework  0.071684      1         1    0  0.071684  0.000000
421                 isn -0.071639      1         0    1  0.000000 -0.071639
403               score  0.071363      1         1    0  0.071363  0.000000
16          experiments  0.070893      2         2    0  0.070893  0.000000
411              latent  0.070873      1         1    0  0.070873  0.000000
194               doesn  0.070816      1         1    0  0.070816  0.000000
193             present -0.070428      3         0    3  0.000000 -0.070428
404            provides  0.070051      1         1    0  0.070051  0.000000
87                   be -0.069703      8         0    8  0.000000 -0.069703
4                    of -0.069455     24         2   22  0.027151 -0.078238
155                 can  0.069213      1         1    0  0.069213  0.000000
23                 main  0.069164      2         2    0  0.069164  0.000000
81             thorough  0.069043      2         2    0  0.069043  0.000000
9               version  0.069038      1         1    0  0.069038  0.000000
200             pointed  0.068656      1         1    0  0.068656  0.000000
52                 Pros  0.068454      4         4    0  0.068454  0.000000
256         aggregation  0.068243      1         1    0  0.068243  0.000000
204              poorly -0.067899      1         0    1  0.000000 -0.067899
320              builds  0.067856      1         1    0  0.067856  0.000000
56              feeling  0.067535      1         1    0  0.067535  0.000000
273          diligently  0.067477      1         1    0  0.067477  0.000000
29                   AC  0.067297      1         1    0  0.067297  0.000000
175             quality  0.067233      1         1    0  0.067233  0.000000
57           benefitted  0.066954      1         1    0  0.066954  0.000000
74               papers -0.066409      2         0    2  0.000000 -0.066409
430                   s -0.066216      2         0    2  0.000000 -0.066216
314  Reparameterization  0.066057      1         1    0  0.066057  0.000000
377                  so -0.065613      1         0    1  0.000000 -0.065613
141              though -0.065412      1         0    1  0.000000 -0.065412
380              learns  0.065238      1         1    0  0.065238  0.000000
38                clear  0.065104      2         2    0  0.065104  0.000000
30               search  0.065092      1         1    0  0.065092  0.000000
257             another -0.064990      1         0    1  0.000000 -0.064990
80           convincing  0.064931      2         2    0  0.064931  0.000000
53                draft  0.064817      2         2    0  0.064817  0.000000
278             believe  0.064355      2         2    0  0.064355  0.000000
142          statements  0.064200      1         1    0  0.064200  0.000000
428            feedback  0.063988      1         1    0  0.063988  0.000000
124                 but -0.063876      9         0    9  0.000000 -0.063876
143             context  0.063821      1         1    0  0.063821  0.000000
78               agreed  0.063686      1         1    0  0.063686  0.000000
366        knowledgable  0.063669      2         2    0  0.063669  0.000000
103          encouraged  0.063542      3         2    1  0.121908 -0.053188
354              little -0.062973      1         0    1  0.000000 -0.062973
363                 end -0.062923      1         0    1  0.000000 -0.062923
3              stronger  0.062581      2         1    1  0.211365 -0.086203
214             regards -0.062534      1         0    1  0.000000 -0.062534
8                 paper -0.062448     29         2   27  0.230210 -0.084127
452            settings  0.062436      1         1    0  0.062436  0.000000
31              missing -0.062086      1         0    1  0.000000 -0.062086
32              product  0.062005      1         1    0  0.062005  0.000000
125       reinforcement  0.061942      1         1    0  0.061942  0.000000
450           encourage  0.061924      1         1    0  0.061924  0.000000
381          accuracies  0.061771      1         1    0  0.061771  0.000000
167                data  0.061395      1         1    0  0.061395  0.000000
118        optimization  0.061386      1         1    0  0.061386  0.000000
138            approach  0.060535      4         3    1  0.104407 -0.071081
412               claim -0.060316      1         0    1  0.000000 -0.060316
123               ready -0.060274      2         1    1  0.043550 -0.164099
205             labeled  0.060202      1         1    0  0.060202  0.000000
84                 lack -0.059880      2         0    2  0.000000 -0.059880
268                  we  0.059870      2         2    0  0.059870  0.000000
231               actor  0.059760      1         1    0  0.059760  0.000000
144             variant  0.059485      1         1    0  0.059485  0.000000
392             unclear -0.059453      1         0    1  0.000000 -0.059453
435             similar  0.059246      1         1    0  0.059246  0.000000
246             metrics -0.058849      1         0    1  0.000000 -0.058849
281               graph -0.058824      1         0    1  0.000000 -0.058824
355               under -0.058788      1         0    1  0.000000 -0.058788
215              follow -0.058527      1         0    1  0.000000 -0.058527
111                 see -0.058418      2         0    2  0.000000 -0.058418
405              defend  0.058291      1         1    0  0.058291  0.000000
258             segment  0.058280      1         1    0  0.058280  0.000000
382             private  0.058252      1         1    0  0.058252  0.000000
145         incremental  0.058241      1         1    0  0.058241  0.000000
41               enough  0.058233      3         2    1  0.103397 -0.032096
28             concerns -0.058220      3         0    3  0.000000 -0.058220
259               words  0.057875      1         1    0  0.057875  0.000000
146                were -0.057761      1         0    1  0.000000 -0.057761
70               helped  0.057604      1         1    0  0.057604  0.000000
47                   is -0.057598     20         5   15  0.059310 -0.096568
413           documents  0.057469      1         1    0  0.057469  0.000000
453           multiview  0.057435      1         1    0  0.057435  0.000000
102                this  0.057386     18        16    2  0.072440 -0.063046
168         formulating  0.057120      1         1    0  0.057120  0.000000
195               asset  0.057086      1         1    0  0.057086  0.000000
131            learning  0.056926      9         9    0  0.056926  0.000000
176             several  0.056844      2         2    0  0.056844  0.000000
94                model -0.056609      2         0    2  0.000000 -0.056609
60                 ness  0.056448      1         1    0  0.056448  0.000000
157              agrees  0.055446      1         1    0  0.055446  0.000000
169       demonstration  0.054985      1         1    0  0.054985  0.000000
232              making -0.054982      1         0    1  0.000000 -0.054982
263            received  0.054973      1         1    0  0.054973  0.000000
216               areas -0.054924      1         0    1  0.000000 -0.054924
196           Hopefully -0.054838      1         0    1  0.000000 -0.054838
126                find -0.054627      1         0    1  0.000000 -0.054627
110               class  0.054580      1         1    0  0.054580  0.000000
454          posteriors  0.054485      1         1    0  0.054485  0.000000
213                 too -0.054477      2         0    2  0.000000 -0.054477
13        investigation -0.054353      1         0    1  0.000000 -0.054353
234                step -0.053798      2         0    2  0.000000 -0.053798
415           criterion -0.053464      1         0    1  0.000000 -0.053464
429            training  0.053433      1         1    0  0.053433  0.000000
206            standard  0.053411      1         1    0  0.053411  0.000000
345             Descent  0.053376      1         1    0  0.053376  0.000000
149               prior  0.053231      2         2    0  0.053231  0.000000
414         problematic -0.053185      1         0    1  0.000000 -0.053185
14            extensive  0.052071      1         1    0  0.052071  0.000000
182              neural  0.052033      2         2    0  0.052033  0.000000
436                only -0.051720      1         0    1  0.000000 -0.051720
315           mentioned  0.051414      1         1    0  0.051414  0.000000
247              Recall -0.051318      1         0    1  0.000000 -0.051318
79          interesting  0.051220      8         8    0  0.051220  0.000000
77              Overall  0.050817      2         2    0  0.050817  0.000000
139               There -0.050157      4         0    4  0.000000 -0.050157
15                using -0.049800      1         0    1  0.000000 -0.049800
265          introduced  0.049753      1         1    0  0.049753  0.000000
207          dissimilar -0.049753      1         0    1  0.000000 -0.049753
120            guidance  0.049745      1         1    0  0.049745  0.000000
346          randomized  0.049619      1         1    0  0.049619  0.000000
383              allows  0.049570      1         1    0  0.049570  0.000000
76             audience  0.049060      2         2    0  0.049060  0.000000
222               think  0.049046      2         1    1  0.134082 -0.035990
35                 with  0.048895      5         4    1  0.064653 -0.014137
197               great  0.048714      1         1    0  0.048714  0.000000
356          sufficient  0.048708      1         1    0  0.048708  0.000000
440                code  0.048685      1         1    0  0.048685  0.000000
233              adjust -0.048654      1         0    1  0.000000 -0.048654
17            simulated -0.048653      1         0    1  0.000000 -0.048653
147            document  0.048606      2         2    0  0.048606  0.000000
109                  do -0.048452      3         0    3  0.000000 -0.048452
364             suggest -0.048367      1         0    1  0.000000 -0.048367
148           addressed -0.048323      2         0    2  0.000000 -0.048323
261          validation -0.048316      1         0    1  0.000000 -0.048316
316            Diederik -0.047977      1         0    1  0.000000 -0.047977
317               solid  0.047774      1         1    0  0.047774  0.000000
18           submission  0.047756      1         1    0  0.047756  0.000000
393                life -0.047664      1         0    1  0.000000 -0.047664
441            released  0.047481      1         1    0  0.047481  0.000000
158          particular  0.047415      1         1    0  0.047415  0.000000
217                 are -0.047383      5         1    4  0.056957 -0.073468
275          explicitly  0.047025      1         1    0  0.047025  0.000000
108             explore -0.046833      2         0    2  0.000000 -0.046833
384      differentially  0.046815      1         1    0  0.046815  0.000000
159                   1 -0.046707      1         0    1  0.000000 -0.046707
282                semi  0.046325      1         1    0  0.046325  0.000000
385      classification  0.046286      1         1    0  0.046286  0.000000
266     representations  0.046108      3         3    0  0.046108  0.000000
291                 one  0.045976      1         1    0  0.045976  0.000000
177              matter -0.045771      1         0    1  0.000000 -0.045771
25                  The  0.045659     51        41   10  0.070144 -0.054728
198                 ALE  0.045403      1         1    0  0.045403  0.000000
170         Methodology -0.045267      1         0    1  0.000000 -0.045267
135         significant  0.044606      2         2    0  0.044606  0.000000
150                 GAN  0.044204      1         1    0  0.044204  0.000000
219                need -0.043944      1         0    1  0.000000 -0.043944
220                link  0.043733      1         1    0  0.043733  0.000000
455              reason -0.043681      1         0    1  0.000000 -0.043681
422                NIDS -0.043578      1         0    1  0.000000 -0.043578
10                    a  0.043472     19        15    4  0.073861 -0.070486
262            relevant -0.043389      1         0    1  0.000000 -0.043389
221                 CNN  0.042929      1         1    0  0.042929  0.000000
394               games  0.042839      1         1    0  0.042839  0.000000
321              domain  0.042074      2         2    0  0.042074  0.000000
276              linear  0.042008      1         1    0  0.042008  0.000000
277            ConvNets  0.041797      1         1    0  0.041797  0.000000
274               which -0.041767      2         0    2  0.000000 -0.041767
442         competition  0.041690      1         1    0  0.041690  0.000000
443           scenarios  0.041253      1         1    0  0.041253  0.000000
72              putting -0.041101      1         0    1  0.000000 -0.041101
365          encourages  0.040758      1         1    0  0.040758  0.000000
322              sample  0.040728      1         1    0  0.040728  0.000000
171              aspect -0.040617      1         0    1  0.000000 -0.040617
456           rebuttals -0.040607      1         0    1  0.000000 -0.040607
457          modalities  0.040602      1         1    0  0.040602  0.000000
73                quite  0.040461      1         1    0  0.040461  0.000000
121              invite -0.040368      1         0    1  0.000000 -0.040368
178             methods -0.039908      1         0    1  0.000000 -0.039908
160                 bar  0.039868      1         1    0  0.039868  0.000000
444               taste  0.039770      1         1    0  0.039770  0.000000
458          importance -0.039733      1         0    1  0.000000 -0.039733
82                field -0.039432      1         0    1  0.000000 -0.039432
122           execution -0.039281      1         0    1  0.000000 -0.039281
83             findings -0.039271      1         0    1  0.000000 -0.039271
445               shown  0.039252      1         1    0  0.039252  0.000000
75           connection -0.039018      1         0    1  0.000000 -0.039018
129              regard -0.038675      2         0    2  0.000000 -0.038675
459          increasing -0.038655      1         0    1  0.000000 -0.038655
243               agree  0.038640      1         1    0  0.038640  0.000000
248          impressive  0.038342      1         1    0  0.038342  0.000000
127           algorithm  0.038191      1         1    0  0.038191  0.000000
183              method -0.037991      7         1    6  0.047796 -0.052288
151          questioned -0.037437      1         0    1  0.000000 -0.037437
424         application -0.037430      2         0    2  0.000000 -0.037430
395               ATari  0.037382      1         1    0  0.037382  0.000000
61              authors -0.037362     18         6   12  0.054326 -0.083206
303                from -0.037089      3         0    3  0.000000 -0.037089
423          standpoint -0.036674      1         0    1  0.000000 -0.036674
437               small  0.036662      1         1    0  0.036662  0.000000
367            strongly  0.036598      1         1    0  0.036598  0.000000
249                nets -0.036550      1         0    1  0.000000 -0.036550
250          especially -0.036543      1         0    1  0.000000 -0.036543
201         recommended  0.036413      1         1    0  0.036413  0.000000
86                would -0.036059      2         0    2  0.000000 -0.036059
396              relate -0.036002      1         0    1  0.000000 -0.036002
260           Different -0.035938      2         0    2  0.000000 -0.035938
283               based  0.035902      1         1    0  0.035902  0.000000
11            reviewers  0.035812     15         9    6  0.111821 -0.078202
267         performance  0.035797      2         2    0  0.035797  0.000000
130              noting  0.035738      1         1    0  0.035738  0.000000
209              either  0.035558      1         1    0  0.035558  0.000000
279       convolutional  0.035531      1         1    0  0.035531  0.000000
292                VAEs -0.035418      1         0    1  0.000000 -0.035418
223                Some -0.035071      1         0    1  0.000000 -0.035071
370               needs -0.034936      1         0    1  0.000000 -0.034936
224         improvement -0.034771      1         0    1  0.000000 -0.034771
416              create  0.034685      1         1    0  0.034685  0.000000
39         presentation  0.034556      2         2    0  0.034556  0.000000
184             variety  0.034343      1         1    0  0.034343  0.000000
132          compelling  0.034157      1         1    0  0.034157  0.000000
386                vote  0.034061      1         1    0  0.034061  0.000000
40                 have  0.033059      3         2    1  0.067128 -0.035078
85               common  0.033040      1         1    0  0.033040  0.000000
92             analysis  0.033015      1         1    0  0.033015  0.000000
397                  RL  0.032985      1         1    0  0.032985  0.000000
302               While -0.032863      2         0    2  0.000000 -0.032863
378            compared -0.032398      1         0    1  0.000000 -0.032398
62                 them -0.032396      1         0    1  0.000000 -0.032396
372            improved  0.032359      2         1    1  0.072201 -0.007482
438             sampled  0.032217      1         1    0  0.032217  0.000000
93                 into  0.031865      1         1    0  0.031865  0.000000
387            teachers -0.031793      1         0    1  0.000000 -0.031793
446                SOTA -0.031610      1         0    1  0.000000 -0.031610
388             student -0.031406      1         0    1  0.000000 -0.031406
95                  all  0.031322      3         2    1  0.057200 -0.020433
368             address -0.031303      1         0    1  0.000000 -0.031303
462                 its -0.031273      1         0    1  0.000000 -0.031273
251               other -0.031121      1         0    1  0.000000 -0.031121
284         constitutes  0.030750      1         1    0  0.030750  0.000000
134               worth  0.030613      1         1    0  0.030613  0.000000
210             network -0.029908      1         0    1  0.000000 -0.029908
369                more -0.029842      1         0    1  0.000000 -0.029842
269                 bit  0.028495      1         1    0  0.028495  0.000000
36                  and  0.028125     15         9    6  0.071506 -0.036945
69              problem -0.028012      3         1    2  0.057337 -0.070687
136          conceptual -0.027533      1         0    1  0.000000 -0.027533
389             predict  0.026880      1         1    0  0.026880  0.000000
431           heuristic -0.026540      1         0    1  0.000000 -0.026540
432                idea  0.026485      1         1    0  0.026485  0.000000
272          techniques  0.026451      2         2    0  0.026451  0.000000
270              strong  0.026253      1         1    0  0.026253  0.000000
398             insight  0.025896      1         1    0  0.025896  0.000000
390                 set  0.025367      1         1    0  0.025367  0.000000
271             quibble  0.024521      1         1    0  0.024521  0.000000
463                  at -0.024421      1         0    1  0.000000 -0.024421
241    interpretability  0.024165      1         1    0  0.024165  0.000000
185           iterative  0.024012      1         1    0  0.024012  0.000000
43                 does -0.023823      1         0    1  0.000000 -0.023823
181               novel  0.023284      5         4    1  0.057720 -0.114462
417               blank -0.022581      1         0    1  0.000000 -0.022581
96               states  0.022162      1         1    0  0.022162  0.000000
295                adds -0.021648      1         0    1  0.000000 -0.021648
464           carefully  0.020865      1         1    0  0.020865  0.000000
91                  new -0.020807      3         1    2  0.062302 -0.062361
97         trajectories  0.020761      1         1    0  0.020761  0.000000
391             general  0.020235      1         1    0  0.020235  0.000000
418            removing  0.019906      1         1    0  0.019906  0.000000
419                hard  0.019893      1         1    0  0.019893  0.000000
98               hidden  0.019499      1         1    0  0.019499  0.000000
420             example  0.019199      1         1    0  0.019199  0.000000
42         contribution -0.018702      9         6    3  0.046356 -0.148817
187                  on  0.018469      2         2    0  0.018469  0.000000
99               design -0.017766      1         0    1  0.000000 -0.017766
26              related  0.017357      2         1    1  0.078462 -0.043749
425                side  0.017224      1         1    0  0.017224  0.000000
465              weakly  0.017200      1         1    0  0.017200  0.000000
100            insights  0.015781      1         1    0  0.015781  0.000000
128                 for  0.015579      8         4    4  0.081690 -0.050533
188            networks -0.015463      1         0    1  0.000000 -0.015463
156                  in -0.015387      5         1    4  0.060914 -0.034462
45                  due  0.014964      1         1    0  0.014964  0.000000
325                  an -0.013652      2         1    1  0.010423 -0.037726
166               could -0.013534      3         1    2  0.067362 -0.053982
208            proposed  0.012214      3         2    1  0.041095 -0.045548
371           consensus -0.011955      1         0    1  0.000000 -0.011955
46                 seem -0.011843      1         0    1  0.000000 -0.011843
323            baseline  0.011099      1         1    0  0.011099  0.000000
324              policy  0.010432      1         1    0  0.010432  0.000000
326          restaurant  0.010384      1         1    0  0.010384  0.000000
67           evaluation  0.010222      7         5    2  0.049833 -0.088806
327             chatbot  0.009999      1         1    0  0.009999  0.000000
379                form -0.009600      2         1    1  0.026129 -0.045330
328              people  0.009252      1         1    0  0.009252  0.000000
329        improvements  0.009203      1         1    0  0.009203  0.000000
330              Amazon  0.009168      1         1    0  0.009168  0.000000
244          manuscript  0.009110      1         1    0  0.009110  0.000000
331            probably -0.009016      1         0    1  0.000000 -0.009016
332                Turk  0.008752      1         1    0  0.008752  0.000000
333              labels  0.008515      1         1    0  0.008515  0.000000
334          likelihood  0.008445      1         1    0  0.008445  0.000000
335             seq2seq  0.008146      1         1    0  0.008146  0.000000
218                 has  0.008135      2         1    1  0.050112 -0.033842
37              novelty  0.005105      3         2    1  0.029925 -0.044536
186            presents -0.004050      3         2    1  0.030590 -0.073329
336               still -0.004032      1         0    1  0.000000 -0.004032
373        experimental  0.003147      1         1    0  0.003147  0.000000
58                 that -0.002891     10         4    6  0.047572 -0.036532
2                    to  0.002468     17        10    7  0.049073 -0.064110
374               among -0.002330      1         0    1  0.000000 -0.002330
199                  as -0.002145      2         1    1  0.044443 -0.048733
71                   it  0.001583      5         2    3  0.080821 -0.051243
